active: (0.00328, 0.00328, 0.00452, 7.88495, 0.35, 237, 983, 1220)
inactive: (0.00159, 0.00148, 0.00408, 7.87223, 0.65, 4212, 16748, 20960)
all: (0.00168, 0.00158, 0.00411, 7.87293, 0.65, 4449, 17731, 22180)
