active: (0.00477, 0.00463, 0.00573, 7.82733, 0.37, 230, 850, 1080)
inactive: (0.00087, 0.00097, 0.00336, 7.81297, 0.8, 3783, 14767, 18550)
all: (0.00108, 0.00117, 0.00349, 7.81376, 0.8, 4013, 15617, 19630)
