active: (0.01047, 0.00877, 0.01077, 6.59336, 0.36, 116, 454, 570)
inactive: (0.00408, 0.0037, 0.01015, 6.60934, 0.9, 2144, 8116, 10260)
all: (0.00442, 0.00397, 0.01018, 6.6085, 0.9, 2260, 8570, 10830)
