active: (0.01489, 0.01493, 0.00568, 6.6991, 0.37, 274, 1066, 1340)
inactive: (0.00288, 0.00315, 0.00459, 6.73574, 0.77, 5060, 20320, 25380)
all: (0.00348, 0.00374, 0.00464, 6.7339, 0.77, 5334, 21386, 26720)
