active: (0.00785, 0.00769, 0.00778, 6.46741, 0.38, 169, 611, 780)
inactive: (0.00444, 0.00429, 0.00807, 6.48749, 0.93, 2908, 11792, 14700)
all: (0.00462, 0.00446, 0.00806, 6.48648, 0.93, 3077, 12403, 15480)
