active: (0.01644, 0.01786, 0.00457, 4.79094, 0.39, 94, 466, 560)
inactive: (0.00733, 0.00726, 0.00716, 4.79349, 1.05, 2151, 8589, 10740)
all: (0.00778, 0.00779, 0.00703, 4.79337, 1.05, 2245, 9055, 11300)
