active: (0.00568, 0.00667, 0.01122, 6.2077, 0.38, 179, 721, 900)
inactive: (0.00537, 0.00499, 0.00732, 6.21391, 0.84, 3451, 13579, 17030)
all: (0.00538, 0.00508, 0.00752, 6.2136, 0.84, 3630, 14300, 17930)
