active: (0.0714, 0.08085, 0.00996, 2.89939, 0.42, 97, 373, 470)
inactive: (0.01368, 0.014, 0.0072, 2.94363, 1.43, 1841, 7089, 8930)
all: (0.01656, 0.01734, 0.00734, 2.94141, 1.43, 1938, 7462, 9400)
